<?xml version="1.0" encoding="UTF-8" standalone="no"?>
<!-- Created with Inkscape (http://www.inkscape.org/) -->

<svg
   width="900.34833mm"
   height="283.27985mm"
   viewBox="0 0 900.34833 283.27985"
   version="1.1"
   id="svg1"
   xml:space="preserve"
   inkscape:version="1.4 (86a8ad7, 2024-10-11)"
   sodipodi:docname="27_Vixen_Media_Group.svg"
   xmlns:inkscape="http://www.inkscape.org/namespaces/inkscape"
   xmlns:sodipodi="http://sodipodi.sourceforge.net/DTD/sodipodi-0.dtd"
   xmlns="http://www.w3.org/2000/svg"
   xmlns:svg="http://www.w3.org/2000/svg"><sodipodi:namedview
     id="namedview1"
     pagecolor="#505050"
     bordercolor="#eeeeee"
     borderopacity="1"
     inkscape:showpageshadow="0"
     inkscape:pageopacity="0"
     inkscape:pagecheckerboard="0"
     inkscape:deskcolor="#505050"
     inkscape:document-units="mm"
     showgrid="false"
     inkscape:zoom="0.2692943"
     inkscape:cx="1327.5439"
     inkscape:cy="217.23446"
     inkscape:window-width="1920"
     inkscape:window-height="1057"
     inkscape:window-x="-8"
     inkscape:window-y="-8"
     inkscape:window-maximized="1"
     inkscape:current-layer="layer1" /><defs
     id="defs1" /><g
     inkscape:label="Layer 1"
     inkscape:groupmode="layer"
     id="layer1"
     transform="translate(505.61878,-4.703188)"><path
       style="fill:#ffffff"
       d="m -30.926571,287.62679 c -4.29722,-0.86254 -8.59144,-3.49128 -11.07347,-6.77871 -5.68925,-7.53535 -5.02418,-18.59311 1.51015,-25.10838 5.57876,-5.5625 14.79077,-7.07779 21.71067,-3.57122 1.84055,0.93268 6.02095,4.5805 6.02035,5.25337 -2.9e-4,0.32293 -2.62026,2.05836 -3.99762,2.64798 -0.16489,0.0706 -0.88061,-0.43465 -1.59049,-1.12274 -0.70989,-0.68808 -2.16383,-1.69833 -3.23098,-2.245 -1.74607,-0.89444 -2.29339,-0.99393 -5.46806,-0.99393 -3.0787,0 -3.78141,0.11891 -5.52025,0.93414 -4.21093,1.97423 -6.91417,6.13982 -7.26015,11.18761 -0.57774,8.42909 4.36278,14.45342 12.14201,14.80561 3.27984,0.14849 5.35679,-0.38665 7.99558,-2.06012 l 1.63865,-1.0392 v -3.17403 -3.17403 l -5.73264,-0.0969 -5.73264,-0.0969 v -2.46944 -2.46945 l 8.55486,-0.0945 8.55486,-0.0945 v 6.83716 6.83717 l -1.71926,1.60817 c -4.10635,3.841 -10.92311,5.65776 -16.80157,4.47784 z m 92.69683,-0.17361 c -6.3159,-1.37218 -11.62223,-6.57949 -13.31082,-13.06246 -0.68736,-2.63893 -0.69478,-7.88657 -0.0149,-10.49699 2.13433,-8.19423 9.23217,-13.62073 17.85089,-13.6475 2.55489,-0.008 7.06015,1.15251 9.08781,2.34079 2.32135,1.3604 4.56232,3.53141 6.11975,5.92871 3.92889,6.04758 3.9314,15.12753 0.006,21.19597 -4.16852,6.44406 -11.84774,9.45584 -19.73863,7.74148 z m 9.87027,-5.93215 c 9.4147,-4.60618 9.17411,-20.63693 -0.37596,-25.05056 -1.3425,-0.62044 -2.30599,-0.76231 -5.17725,-0.76231 -3.14355,0 -3.74527,0.10681 -5.52469,0.98065 -4.90076,2.40666 -7.54936,8.34512 -6.62628,14.85685 0.75571,5.331 3.45769,8.9472 7.85853,10.51747 2.75227,0.98205 7.23488,0.73523 9.84565,-0.5421 z m 40.837071,5.98567 c -4.04102,-0.87785 -7.2746,-3.12223 -8.96013,-6.21911 -1.85678,-3.41153 -1.96725,-4.4147 -1.97179,-17.90651 l -0.004,-12.43542 h 2.79803 2.79803 l 0.11239,12.43542 c 0.10943,12.10856 0.1337,12.48166 0.92337,14.19491 1.58824,3.44582 3.69435,4.79465 7.87674,5.04454 3.45674,0.20653 5.86906,-0.54693 7.73945,-2.41732 2.30243,-2.30243 2.44644,-3.312 2.44644,-17.15075 v -12.1068 h 2.99861 2.99861 l -0.003,11.55347 c -0.003,11.96907 -0.22982,14.80108 -1.40686,17.54702 -1.02065,2.38108 -3.85952,5.20691 -6.35683,6.32764 -3.51671,1.57821 -7.99247,2.00114 -11.9892,1.13291 z m -398.63891,-18.40418 v -18.17925 l 4.08302,0.0994 4.08302,0.0994 5.0183,12.42331 c 2.76007,6.83282 5.09169,12.4967 5.18138,12.58639 0.0897,0.0897 2.46316,-5.53827 5.27438,-12.50659 l 5.11129,-12.66968 3.96875,-0.005 3.96875,-0.005 v 18.16806 18.16805 h -2.81813 -2.81812 l -0.0923,-13.73082 -0.0923,-13.73082 -2.96735,7.29263 c -1.63203,4.01094 -4.15446,10.19808 -5.60539,13.74918 l -2.63806,6.45656 -1.27377,-0.10656 -1.27377,-0.10656 -5.64444,-13.87263 -5.64444,-13.87263 -0.0922,13.96083 -0.0922,13.96082 h -2.81817 -2.81818 z m 55.38612,0.0112 v -18.16806 h 12.17083 12.17083 v 2.46944 2.46945 h -9.34861 -9.34861 v 5.11528 5.11528 h 9.17222 9.17223 v 2.64583 2.64583 h -9.17223 -9.17222 v 5.46806 5.46805 h 9.34861 9.34861 v 2.46945 2.46944 h -12.17083 -12.17083 z m 41.62778,0 v -18.16806 h 7.92013 c 4.50364,0 8.72656,0.17061 9.78959,0.3955 4.52452,0.95722 8.74401,3.74461 11.17161,7.37997 5.10436,7.64385 3.60975,18.88886 -3.23629,24.34881 -4.4302,3.53324 -7.29226,4.21183 -17.76398,4.21183 h -7.88106 z m 15.0783,12.8965 c 2.81911,-0.40774 5.62442,-1.69635 7.26543,-3.33737 4.88005,-4.88004 4.91968,-14.26813 0.0807,-19.10714 -2.76938,-2.76938 -4.74996,-3.39492 -11.40009,-3.60058 l -5.37986,-0.16637 v 13.27206 13.27206 l 3.61597,-0.007 c 1.98879,-0.004 4.60684,-0.1504 5.81789,-0.32557 z m 33.95781,-12.8965 v -18.16806 h 2.82222 2.82222 v 18.16806 18.16805 h -2.82222 -2.82222 z m 20.46111,18.07925 c 0,-0.0488 3.21768,-8.18478 7.1504,-18.07987 l 7.15039,-17.99105 3.5473,-0.0998 3.5473,-0.0999 7.117584,17.92819 c 3.914672,9.8605 7.117585,18.04755 7.117585,18.19344 0,0.1459 -1.382842,0.2194 -3.072981,0.16333 l -3.072982,-0.10193 -1.424935,-3.61894 -1.424936,-3.61895 -8.774205,0.0912 -8.7742,0.0912 -1.42631,3.61597 -1.4263,3.61597 h -3.11685 c -1.71427,0 -3.11686,-0.04 -3.11686,-0.0888 z m 24.694447,-12.85702 c 0,-0.13521 -1.539217,-4.27647 -3.420483,-9.20281 -2.834964,-7.42372 -3.472214,-8.81587 -3.722694,-8.13265 -0.27596,0.75275 -5.89374,15.52459 -6.45144,16.96392 -0.22283,0.57511 0.23423,0.61736 6.67771,0.61736 3.804297,0 6.916907,-0.11062 6.916907,-0.24582 z M 5.2331495,269.09268 v -18.1891 l 9.4368095,0.10923 c 8.76547,0.10147 9.55281,0.16288 11.06749,0.86324 2.22275,1.02777 4.2176,2.90732 5.25416,4.9505 1.16168,2.2898 1.39765,6.6567 0.50493,9.34443 -0.83966,2.52797 -3.56179,5.25639 -6.07815,6.09219 -1.01244,0.33628 -1.84079,0.68508 -1.84079,0.7751 0,0.09 1.98437,3.26087 4.40972,7.0463 2.42535,3.78544 4.40972,6.9534 4.40972,7.03991 0,0.0865 -1.46843,0.15085 -3.26319,0.14297 l -3.2632,-0.0143 -4.1973,-6.86484 -4.1973,-6.86485 h -3.29922 -3.29923 v 6.87917 6.87916 h -2.8222295 -2.82222 z m 17.8669895,-1.59149 c 4.73114,-2.29031 3.97659,-9.80873 -1.1266,-11.22553 -0.767,-0.21295 -3.57737,-0.38806 -6.24525,-0.38914 l -4.85069,-0.002 v 6.17361 6.17361 h 5.35667 c 4.69684,0 5.54258,-0.09 6.86587,-0.73058 z m 127.477471,1.59179 v -18.18879 l 9.61319,0.10893 9.6132,0.10893 1.76388,0.93966 c 2.26803,1.20822 4.16337,3.1859 5.18509,5.41034 0.99647,2.16946 1.0991,6.981 0.19188,8.99583 -1.61778,3.59293 -4.34155,5.78826 -8.18011,6.59307 -1.17466,0.24628 -4.39793,0.45109 -7.16283,0.45514 l -5.02708,0.007 v 6.87917 6.87916 h -2.99861 -2.99861 z m 17.85017,-1.5334 c 3.05538,-1.38759 4.21991,-5.26672 2.54562,-8.47959 -1.33307,-2.55809 -2.5904,-2.99569 -9.01871,-3.13891 l -5.37986,-0.11985 v 6.20527 6.20527 l 5.20347,-0.008 c 4.30999,-0.006 5.45177,-0.1205 6.64948,-0.66444 z m -573.21819,-68.70859 c -0.23837,-0.51803 -17.6593,-43.10272 -38.71318,-94.63264 l -38.27977,-93.690766 -11.81467,-0.176389 -11.81468,-0.176389 -0.10303,-2.7340277 -0.10304,-2.734028 h 47.11068 47.11067 v 2.818309 2.8183087 l -14.38399,0.09211 -14.384,0.09211 27.34482,69.042375 c 15.03965,37.973307 27.44247,68.929557 27.56182,68.791667 0.15366,-0.17752 55.097,-133.562417 56.665,-137.564525 0.13305,-0.339587 -2.35367,-0.456637 -11.2421,-0.529166 l -11.41293,-0.09313 -0.10304,-2.7340277 -0.10303,-2.734028 h 27.53151 27.53151 v 2.8222224 2.8222223 h -12.48017 -12.48017 l -0.71474,1.675694 c -0.39311,0.921632 -17.9703,43.268198 -39.06043,94.103478 -21.09013,50.83528 -38.49426,92.7056 -38.67584,93.04515 -0.258,0.48244 -0.79167,0.61736 -2.44197,0.61736 -1.94504,0 -2.14605,-0.0744 -2.54523,-0.94189 z m 115.4541,-1.88033 v -2.82223 h 12.52361 12.52361 V 102.24981 10.351195 h -12.52361 -12.52361 V 7.5289727 4.7067503 h 46.21389 46.21389 v 2.8222224 2.8222223 h -12.52361 -12.52361 v 91.898615 91.89862 h 12.52361 12.52361 v 2.82223 2.82222 h -46.21389 -46.21389 z m 99.48334,0 v -2.82223 h 10.72065 10.72065 l 32.09454,-37.85264 c 17.65199,-20.81895 32.29734,-38.17737 32.54521,-38.57428 0.40951,-0.65572 -2.62329,-5.592 -33.20199,-54.04061 l -33.65267,-53.318965 -9.6132,-0.0054 -9.61319,-0.0054 V 7.5289727 4.7067503 h 46.74306 46.743056 V 7.5242802 10.34181 l -11.756546,0.09289 -11.75654,0.09289 22.603824,36.248131 c 12.432105,19.936466 22.70619,36.208342 22.8313,36.159719 0.125109,-0.04862 13.819715,-16.360282 30.432455,-36.248131 l 30.20499,-36.159725 -10.76446,-0.09329 -10.76446,-0.09329 V 7.5238744 4.7067503 H -9.5835105 16.169259 v 2.8222224 2.8222223 l -10.8479095,0.01256 -10.84792,0.01256 -32.6155405,38.920169 c -17.93855,21.406093 -32.663082,39.062786 -32.721185,39.237095 -0.0581,0.174309 14.857805,23.969271 33.146465,52.877691 l 33.2521005,52.56076 10.317,0.0935 10.3169895,0.0935 v 2.81815 2.81816 l -48.06597,-0.0895 -48.065976,-0.0894 v -2.64583 -2.64584 l 12.737854,-0.17639 12.737852,-0.17639 -22.583197,-35.56678 -22.583197,-35.56678 -0.803105,0.81817 c -0.44171,0.44999 -13.99068,16.45504 -30.10882,35.56678 l -29.3057,34.74861 12.34929,0.0927 12.3493,0.0927 v 2.81771 2.81771 h -27.34028 -27.34028 z m 213.077789,0 v -2.82223 h 12.52361 12.52361 V 102.24981 10.351195 H 35.748429 23.224819 V 7.5289727 4.7067503 H 111.59566 199.9665 V 29.048418 53.390087 h -2.94277 -2.94277 l -0.44893,-1.499306 C 191.96205,46.31337 186.56948,38.539633 179.35313,31.306823 168.7522,20.681708 157.12891,14.184038 143.6556,11.35113 139.903,10.562105 139.27215,10.541721 115.21163,10.432038 L 90.605379,10.319867 v 40.93789 40.937889 l 9.789581,-0.0029 c 14.05048,-0.0042 18.84005,-0.698837 24.70309,-3.582955 3.39258,-1.668862 7.45483,-5.24298 9.67517,-8.512576 3.28822,-4.842125 6.05846,-11.957897 8.26856,-21.239077 0.69306,-2.910417 1.31778,-5.490105 1.38828,-5.732639 0.0879,-0.302398 0.96311,-0.440973 2.78508,-0.440973 h 2.65691 v 43.053732 43.053732 l -2.70181,-0.10304 -2.7018,-0.10303 -1.00686,-3.88056 c -5.73032,-22.08533 -14.44962,-33.42555 -27.80898,-36.168016 -2.89249,-0.59379 -4.83675,-0.688624 -14.1993,-0.692624 l -10.847921,-0.0046 v 48.17569 48.17569 l 24.782641,-0.13496 24.78264,-0.13496 4.23333,-0.93267 c 16.21008,-3.57131 28.67443,-12.31508 38.17458,-26.77956 4.30628,-6.55653 8.64908,-16.66931 10.6884,-24.88936 l 0.80957,-3.2632 h 2.94498 2.94498 v 30.86806 30.86806 H 111.59566 23.224819 Z m 183.797231,0.002 v -2.8243 h 11.64167 11.64167 V 102.24981 10.351195 H 218.66372 207.02205 V 7.5271916 4.703188 l 33.55792,0.089976 33.55791,0.089976 44.38571,63.4625 c 24.41213,34.90437 44.7917,64.03312 45.28792,64.73054 l 0.90222,1.26803 V 72.351846 10.35948 l -13.67014,-0.09234 -13.67014,-0.09234 -0.10303,-2.7340277 -0.10304,-2.734028 h 28.78107 28.78107 l -0.10303,2.734028 -0.10304,2.7340277 -11.72921,0.09295 -11.72921,0.09295 -0.0889,94.6279 -0.0888,94.62789 h -5.76989 -5.7699 l -60.67157,-86.43056 c -33.36938,-47.536814 -60.89574,-86.743703 -61.1697,-87.126424 -0.42951,-0.600024 -0.4981,10.925943 -0.4981,83.692394 v 84.38825 l 13.67014,0.0923 13.67014,0.0923 v 2.64584 2.64583 l -28.6632,0.0903 -28.6632,0.0903 z"
       id="path1" /></g></svg>
