<?xml version="1.0" encoding="UTF-8" standalone="no"?>
<!-- Created with Inkscape (http://www.inkscape.org/) -->

<svg
   width="264.57999mm"
   height="42.869999mm"
   viewBox="0 0 264.57999 42.869999"
   version="1.1"
   id="svg1"
   xml:space="preserve"
   inkscape:version="1.4 (86a8ad7, 2024-10-11)"
   sodipodi:docname="254_LetsDoeIt.svg"
   xmlns:inkscape="http://www.inkscape.org/namespaces/inkscape"
   xmlns:sodipodi="http://sodipodi.sourceforge.net/DTD/sodipodi-0.dtd"
   xmlns="http://www.w3.org/2000/svg"
   xmlns:svg="http://www.w3.org/2000/svg"><sodipodi:namedview
     id="namedview1"
     pagecolor="#505050"
     bordercolor="#eeeeee"
     borderopacity="1"
     inkscape:showpageshadow="0"
     inkscape:pageopacity="0"
     inkscape:pagecheckerboard="0"
     inkscape:deskcolor="#505050"
     inkscape:document-units="mm"
     inkscape:zoom="1"
     inkscape:cx="456.5"
     inkscape:cy="182.5"
     inkscape:window-width="1920"
     inkscape:window-height="1057"
     inkscape:window-x="-8"
     inkscape:window-y="-8"
     inkscape:window-maximized="1"
     inkscape:current-layer="layer1"
     showgrid="false" /><defs
     id="defs1" /><g
     inkscape:label="Layer 1"
     inkscape:groupmode="layer"
     id="layer1"
     transform="translate(27.25,-127)"><rect
       style="display:inline;fill:#ec1c24;fill-opacity:1;stroke-width:2.21947;paint-order:stroke fill markers"
       id="rect1"
       width="264.57999"
       height="42.869999"
       x="-27.25"
       y="127" /><path
       d="m -17.678921,152.15432 h 4.699772 l 1.829999,-5.15727 h -3.992726 l 0.748636,-4.69977 h 4.8661354 l 2.9529539,-8.44296 h 4.4086355 l -2.9529539,8.44296 h 4.2006809 l 2.9529539,-8.44296 h 4.3670446 l -2.952954,8.44296 h 3.3272721 l -0.7486362,4.69977 H 1.9519839 l -1.82999959,5.15727 H 4.0315289 l -0.7486362,4.69977 h -4.9077262 l -2.495454,7.19523 H -8.528923 l 2.495454,-7.19523 h -4.200681 l -2.495454,7.19523 h -4.408635 l 2.495454,-7.19523 h -3.784772 z m 13.350679,0 1.9131814,-5.15727 h -4.3254537 l -1.8299996,5.15727 z m 13.1427579,11.895 4.9493171,-31.35954 h 8.151817 l -3.867954,24.45545 h 9.773861 l -1.081363,6.90409 z m 20.5875281,0 4.949317,-31.35954 h 17.842497 l -1.081364,6.90409 h -9.69068 l -0.831818,5.24045 h 9.191589 l -1.081363,6.90409 h -9.191589 l -0.873409,5.40682 h 9.69068 l -1.081364,6.90409 z m 24.330644,-24.45545 1.081363,-6.90409 h 21.627268 l -1.081363,6.90409 H 68.62223 l -3.867954,24.45545 H 56.60246 l 3.867953,-24.45545 z m 19.714128,21.71045 4.533408,-6.57137 q 1.746818,1.74682 3.368863,2.49546 1.622045,0.74863 3.327272,0.74863 1.913182,0 3.2025,-0.99818 1.330908,-0.99818 1.330908,-2.53704 0,-0.74864 -0.540681,-1.33091 -0.540682,-0.62386 -1.3725,-0.99818 -0.915,-0.41591 -1.996363,-0.74864 -1.039773,-0.33273 -1.871591,-0.58227 -1.247727,-0.37432 -2.32909,-0.83182 -1.081364,-0.49909 -1.871591,-1.20613 -0.790227,-0.70705 -1.247727,-1.74682 -0.415909,-1.03978 -0.415909,-2.53705 0,-2.70341 0.956591,-4.99091 0.998182,-2.32909 2.661818,-3.99272 1.705226,-1.70523 3.992726,-2.66182 2.32909,-0.95659 4.990908,-0.95659 2.2875,0 4.782954,0.66545 2.537045,0.62387 4.65818,1.91319 l -4.242271,6.32181 q -0.998182,-0.95659 -2.329091,-1.49727 -1.330909,-0.58227 -2.744999,-0.58227 -0.748636,0 -1.455682,0.24954 -0.707045,0.20796 -1.289318,0.62387 -0.540681,0.37431 -0.873409,0.915 -0.332727,0.54068 -0.332727,1.16454 0,1.16455 1.206136,1.83 1.206136,0.62386 2.869772,1.12296 1.247727,0.37431 2.578636,0.8734 1.3725,0.49909 2.453863,1.33091 1.122955,0.79023 1.83,2.03796 0.707045,1.20613 0.707045,3.07772 0,1.24773 -0.374318,2.82818 -0.332727,1.53887 -1.081363,3.16091 -0.790227,1.66364 -2.121136,2.99455 -1.289318,1.28932 -2.952954,2.20432 -1.622045,0.8734 -3.576817,1.3309 -1.913182,0.4575 -3.951136,0.4575 -2.869772,0 -5.573181,-0.915 -2.661817,-0.915 -4.907726,-2.66181 z m 26.576574,2.745 4.94932,-31.35954 h 11.60386 q 2.745,0 5.19886,0.95659 2.49545,0.95659 4.36705,2.70341 1.87159,1.70522 2.95295,4.0759 1.12295,2.37069 1.12295,5.24046 0,3.78477 -1.58045,7.15363 -1.53886,3.32728 -4.15909,5.82273 -2.57864,2.49545 -5.9475,3.95113 -3.32727,1.45569 -6.90409,1.45569 z m 10.81363,-6.90409 q 2.78659,0 4.82455,-0.87341 2.03795,-0.915 3.36886,-2.37068 1.33091,-1.49728 1.95477,-3.36887 0.66546,-1.91318 0.66546,-3.90954 0,-3.11932 -1.95477,-5.07409 -1.91319,-1.95477 -5.90591,-1.95477 h -1.74682 l -2.78659,17.55136 z m 21.2114,-6.19705 q 0,-4.36704 1.78841,-7.94386 1.78841,-3.57682 4.65818,-6.07227 2.86978,-2.53705 6.44659,-3.90955 3.61841,-1.3725 7.23682,-1.3725 2.78659,0 5.49,0.915 2.70341,0.87341 4.82454,2.62023 2.12114,1.70523 3.41046,4.28386 1.28931,2.53705 1.28931,5.86432 0,4.36705 -2.53704,9.23318 -1.24773,2.37068 -3.11932,4.32545 -1.83,1.95478 -4.15909,3.32728 -2.2875,1.3725 -4.94932,2.12113 -2.66181,0.74864 -5.53158,0.74864 -3.32728,0 -6.07228,-1.03977 -2.7034,-0.99819 -4.65818,-2.82818 -1.95477,-1.8716 -3.03613,-4.49182 -1.08137,-2.62023 -1.08137,-5.78114 z m 8.60932,-1.49727 q 0,1.66364 0.54068,3.07773 0.54068,1.41409 1.53887,2.45386 0.99818,1.03977 2.37068,1.62205 1.3725,0.58227 3.03613,0.58227 2.2875,0 4.20068,-0.99818 1.91318,-0.99819 3.28568,-2.49546 1.41409,-1.53886 2.16273,-3.36886 0.79023,-1.87159 0.79023,-3.61841 0,-1.53886 -0.62387,-2.82818 -0.58227,-1.33091 -1.66363,-2.2875 -1.03977,-0.95659 -2.45386,-1.49727 -1.3725,-0.54068 -2.95296,-0.54068 -1.62204,0 -3.41045,0.66545 -1.78841,0.66545 -3.32727,1.95477 -1.49728,1.24773 -2.49546,3.07773 -0.99818,1.83 -0.99818,4.20068 z m 27.53313,14.59841 4.94932,-31.35954 h 17.84249 l -1.08136,6.90409 h -9.69068 l -0.83182,5.24045 h 9.19159 l -1.08136,6.90409 h -9.19159 l -0.87341,5.40682 h 9.69068 l -1.08136,6.90409 z m 22.87497,0 4.94932,-31.35954 h 8.15181 l -4.94931,31.35954 z m 14.93111,-24.45545 1.08137,-6.90409 h 21.62727 l -1.08137,6.90409 h -6.73772 l -3.86796,24.45545 h -8.15181 l 3.86795,-24.45545 z"
       id="text1"
       style="-inkscape-font-specification:'Futura LT Paneuropean Bold Italic';fill:#ffffff;stroke-width:8.1053;paint-order:stroke fill markers"
       aria-label="#LETSDOEIT" /></g></svg>
